 108
 nfi=9900 etot=       -137.43181162
Ar            5.69869509         -10.69223567          14.27941943
Ar            2.09229819          -5.34865201          -4.67049557
Ar           -2.13128823         -19.07674367           3.29645883
Ar            7.11920883          -8.72898195           7.58224329
Ar           23.17818183          -1.06653198           9.24848249
Ar            3.10700027          -3.86650575           9.21171665
Ar           -0.17901339          -5.70284650           9.10215301
Ar            7.76971125          -5.26456572           6.67461289
Ar            3.62295579         -27.67547719           7.22985338
Ar           13.55110464          -4.27595327           0.15282579
Ar            1.41985866         -11.32868149          16.99267362
Ar           21.32170071          -7.90508553           9.94563264
Ar           12.04343159          -2.61690023           6.00559416
Ar           -0.05206456           4.47353100           3.48211969
Ar           11.07811924         -16.58294655           3.55390662
Ar            8.73083430           4.35690090          -1.77274775
Ar           18.88458847          -0.92941182          20.38025184
Ar           19.02541808         -15.19943194           0.70865760
Ar           -3.00494932         -11.94237299           6.96503405
Ar           12.98156043         -12.04174780          10.40173337
Ar           18.04494087          -7.90911434           6.53922502
Ar           10.66700150           6.86057765           7.89347470
Ar           14.78544641         -10.31305427          17.66001472
Ar            7.88267382          -1.91261809           3.57730857
Ar           -0.68013434           1.15442591           4.76459091
Ar           -1.65753844          -1.65541990          24.41685307
Ar            6.69139518         -15.85365115          21.43141753
Ar            0.14334676         -21.61340648           1.80188496
Ar           16.69335822         -20.79628688          14.69982521
Ar            2.28705019         -15.28231974          10.90758077
Ar            2.82295667         -14.98687823           4.19323829
Ar           -4.37913332          -6.82185403           2.48193297
Ar            8.82651107         -13.62947212          19.10837166
Ar           -7.44665461           0.90061715          13.98455789
Ar            2.04901450          -0.64027697           7.94988889
Ar            2.57619493         -19.35202090          -0.99205219
Ar            7.50089914         -10.25157227           0.98173119
Ar            4.95898559         -12.82415037           0.40991720
Ar            4.83805020         -17.64403805          18.75565516
Ar            9.81449371         -13.63416329           5.56857153
Ar           15.05158628           1.58026981           9.19311968
Ar           12.59765992          -5.00796521          13.02926250
Ar           12.97366097          -7.81853210          -1.47278111
Ar            9.00859743           0.13446827          17.77096504
Ar           12.83740880          -0.69217997          34.93600351
Ar           15.70197216         -23.99179560          -4.53763685
Ar           14.04533382          -8.35860349           8.74157754
Ar           19.53401956         -12.54566316          13.53766346
Ar           12.59362862         -11.78834671          14.18725625
Ar            3.91301968           1.60900366          15.10527619
Ar            9.65679873          -9.36815193          14.62504179
Ar            3.29861167           5.70986076           3.21650126
Ar           10.45024831          -2.51270661          15.88273315
Ar           12.82040129          -0.82758550           9.97164702
Ar            4.13354970          -8.96930394           0.90602709
Ar            0.09800100          -8.42342546           2.93864675
Ar           18.74078260          -4.26103726          22.39271209
Ar           -8.89058577          -9.63526007          11.40022584
Ar           15.90151180         -10.23743905          13.72607923
Ar            8.57750217          -0.79697241           6.63017542
Ar            4.52866594          -6.33373729           5.93302418
Ar            7.72464509          -2.19815338          12.17528156
Ar           -6.06652084          -9.75235062          18.24700362
Ar            9.39214587         -16.42787719           9.92626621
Ar            2.53042466          -8.84358650          13.16446176
Ar            9.49997921          -9.48746502           4.42536116
Ar            5.49694518          -4.11789986          -3.06011671
Ar            6.10146998           4.81805358           5.28182797
Ar            6.48939766          -4.91215156          10.19095548
Ar            0.92322444           3.88879452           7.50398824
Ar           12.17317003         -16.16377996           6.76137201
Ar           12.94759303         -15.12629648          12.83445406
Ar           23.77055503          -7.04208719          -0.76314037
Ar           26.77420669          -3.40856976           8.96042730
Ar            9.98540255          -6.40783321          17.39797689
Ar            9.90583040           3.81251775          -5.37875868
Ar           13.92384550          -1.74806710          13.67456610
Ar           16.49805395          -0.88319853          17.38567790
Ar            3.75482221          12.85822084           2.42992478
Ar            6.50356310           2.36837982          12.14683268
Ar           23.75582533          -0.81866218          15.27367484
Ar           13.33408891          -4.40379247           9.39259911
Ar           -4.59917123          -8.72400375          12.07560587
Ar           -1.39325845         -13.70928373          15.37465447
Ar            7.88345312          -6.04458184           3.20440718
Ar            4.52594594         -15.07078653           7.80618447
Ar           16.45834403          -7.10336424          16.48239446
Ar            4.74536201         -11.46470281          10.76797021
Ar            0.55291922           0.40550545          14.04564498
Ar            9.17864194          -5.48069941          -3.11849797
Ar           -0.68023987         -13.20494019          11.83051981
Ar            6.06267398          -9.02145270           3.95297453
Ar           13.14836750         -11.96487884           3.29468573
Ar            5.78993730          -7.30531457          12.94346284
Ar           15.01830621         -15.15092414          18.74475186
Ar           11.05026173          -3.54398243          19.92539239
Ar            0.52905105          -9.64085695          10.16893847
Ar            7.55924508           4.54828129          25.95291246
Ar            7.34214462         -20.77610918           0.28089207
Ar           20.10756794          -6.06128302          16.04746826
Ar           11.39355637          10.94899147          23.21901642
Ar           20.55795043         -18.53658349          12.50166864
Ar           22.18149288          -2.97225070           5.80341313
Ar            9.81915840          -6.95252520           9.31304100
Ar           13.72638558          -8.98289021          22.03337799
Ar           16.84273448          -2.29588679          11.00972323
Ar           15.21709678          -5.66489092          22.24400493
Ar           -5.07236853           3.42592248          17.26784153
