-231584178474632390847141970017375815706539969331281128078915168015826259279872.00000 -231584178474632390847141970017375815706539969331281128078915168015826259279872.00000 -231584178474632390847141970017375815706539969331281128078915168015826259279872.00000
-0.00000 -3111093099288439713647682607596237878816317937353000652658584874790824775772572196574624012874908666436817367273893409907976792704868630621348891540639607763243945780058038615071306053991399428098144701803677054094401142127910191104.00000 0.00000
0.00000 0.00000 49696176062280076433642674262548433776479569133128800368365721639054566380136966239048584411094957089585723454694407435860055630391008163347157255246038703924656394185512776161060487380433388274138977021455082896361579872256.00000
nan 0.00000 903538487022833691010417510540875713583991350341964619177524128600727745334212423032501074668620296260137602676254936514773598697260398166829520959187084289024983040.00000
-231584178474632390847141970017375815706539969331281128078915168015826259279872.00000 -231584178474632390847141970017375815706539969331281128078915168015826259279872.00000 -231584178474632390847141970017375815706539969331281128078915168015826259279872.00000
-231584178474632390847141970017375815706539969331281128078915168015826259279872.00000 -231584178474632390847141970017375815706539969331281128078915168015826259279872.00000 -231584178474632390847141970017375815706539969331281128078915168015826259279872.00000
0.00000 49696176062280086707345606974215440106537934133380100271373149028066010712716855045166073272580937780340677121859351238561166677614089634088235868886280624096169618114967561229856720053176744117232254139272890066856212168704.00000 34498135662726284659541074421025157655273516234643177926470133984169909464436858160574389926862048690373912840260062826314293965562371587962298404614868274560745280309771108352.00000
-0.00000 1320522978175358217855675262274981469830282763904703168715859061605696345871711789741829486376296985481012976075137449806569286657792949223208859993281951369044968109699707527813480728883007605750011853022471127040.00000 0.00000
-231584178474632390847141970017375815706539969331281128078915168015826259279872.00000 -231584178474632390847141970017375815706539969331281128078915168015826259279872.00000 -231584178474632390847141970017375815706539969331281128078915168015826259279872.00000
-0.00000 -231584178474632390847141970017375815706539969331281128078915168015826259279872.00000 -231584178474632390847141970017375815706539969331281128078915168015826259279872.00000
0.00000 0.00000 0.00000
0.00000 0.00000 0.00000
