 108
 nfi=6300 etot=       -137.44922775
Ar            7.64536183          -9.19744019          14.90039695
Ar            2.63814735          -4.54647427          -4.94516715
Ar           -2.61349421         -17.68357271           4.36588730
Ar            9.10235796          -5.01351919           4.74167614
Ar           15.90336121          -3.50507130           8.26521590
Ar            1.21199801          -6.84407712           7.50645126
Ar           -4.66133510          -3.83440035           6.49412131
Ar            5.88521167          -7.04367403           5.79516522
Ar            3.63348978         -27.61373666           7.30755008
Ar           14.48545327          -4.40361634           2.95526060
Ar            4.91202248         -13.79353971          17.97729569
Ar           18.29002751          -9.17948443          13.16264681
Ar           11.02802803          -2.00455306           3.18815859
Ar           -1.86844562           3.36617330           5.16181084
Ar            7.73930468         -17.64969970           4.42845299
Ar           10.80154758           5.75661464          -1.85980680
Ar           17.42261734          -1.82036426          18.92724993
Ar           20.07019255         -16.67696768           3.14885710
Ar           -3.45803815         -10.74138056           9.78592407
Ar           14.43535559          -8.08964843          13.89331458
Ar           17.34894543         -10.77955734           6.11630002
Ar           10.98803517           7.99321706           7.97732616
Ar           11.48511880         -10.14749360          19.21231061
Ar            4.23749041          -2.91521230           3.85592709
Ar            0.98416744          -0.47394575           6.10219580
Ar            0.59203978          -3.70733203          21.93638689
Ar            4.73694767         -17.33971039          23.66081477
Ar            1.93404618         -22.86121724           1.48206815
Ar           16.50615107         -21.99272840          15.62339301
Ar            2.65257904         -12.00192167          11.00948750
Ar            1.86079352         -13.99388238           6.33027390
Ar           -4.87964535          -6.93675213           4.11685899
Ar            8.27583634         -13.98382697          21.10627375
Ar           -6.50138442           1.44548698          14.39472936
Ar            1.50722530           0.33659835           9.75666695
Ar            3.43422160         -19.39092357          -0.25916716
Ar            8.06186407         -11.95309436           0.61123763
Ar            9.86663689         -15.83366424           0.99422944
Ar            6.17703748         -17.14736730          18.28541723
Ar           11.10395570         -12.22680447           5.01685089
Ar           14.34129994           1.92794882          11.05396529
Ar           12.65917427          -3.41476983          10.18698762
Ar           14.11191067          -7.12882831           0.84447872
Ar           12.97864446          -0.94704559          17.51002913
Ar           12.62343809          -1.03442041          29.98747466
Ar           16.30048140         -23.35514310          -5.74801748
Ar           14.70199261          -7.24808160           7.68409313
Ar           19.20065449         -15.51049665          16.97629587
Ar           14.23000574         -10.47857395          16.38250813
Ar            7.81702965           4.14128963          14.12481549
Ar            9.76803438          -9.26693421          11.40502607
Ar            1.98487156           4.42105999           2.81611547
Ar            9.92822639          -2.32893482          14.85978568
Ar           11.04722414           0.56739288           9.84946718
Ar            3.30036069         -10.08124271           0.77906866
Ar           -1.69121163         -11.29524000           2.82641619
Ar           19.72444679          -8.22646585          21.31309033
Ar          -10.07392478          -8.88076341           8.76039457
Ar           15.48401958         -11.71408212          12.93856661
Ar            7.83561448           1.40348928           7.36434939
Ar            3.30368541          -7.97938937          10.16354773
Ar            9.38501847          -2.15154470          11.00919427
Ar           -6.16683926          -7.87249998          15.15529684
Ar            9.81230384         -12.76834272           9.28991434
Ar            4.03760356         -11.29496550          14.72859998
Ar            8.89759464          -9.03191944           4.53726091
Ar            6.15112104          -3.28940334          -4.92414740
Ar            5.05237253           2.77961659           4.77293905
Ar            5.61058843          -5.68154866           9.33521223
Ar           -0.53093942           4.05805314           9.47413137
Ar           12.82429656         -13.76705979           7.83285680
Ar           13.51556619         -13.97837272          15.97556643
Ar           24.27818021          -5.09666279          -1.29329131
Ar           22.78753529          -0.35523050          10.24548750
Ar           12.77175992          -4.54591244          14.09018719
Ar           11.83979657           4.37204094          -5.11066078
Ar           16.43462233          -1.79551504          11.62256382
Ar           16.32872343          -0.04993987          15.58573402
Ar            5.54109041          10.74686760           1.90948867
Ar            8.11818941           1.88931338          11.33666663
Ar           23.44550424          -0.54379853          14.62915114
Ar            9.54609824          -1.79232019           7.21947183
Ar           -4.73084327          -7.19015608          10.96992434
Ar            0.07924887         -12.50565840          16.60295008
Ar            8.81906919          -7.74262110           0.89439316
Ar            4.78748783         -13.97824425           8.71623336
Ar           17.47766859          -8.73271923          17.61055360
Ar            6.75181662         -11.69799134          10.85116598
Ar            2.56410037          -0.75215515          12.75981343
Ar            9.45152777          -5.56027719          -4.51968747
Ar            1.16692397         -14.33145005          13.47419757
Ar            5.90201976         -10.70613622           3.28853779
Ar           11.23010540         -16.30695820           5.36514288
Ar            6.01683066          -7.78608590          12.29121272
Ar           16.29133830         -15.40590505          18.98963859
Ar           11.38074757          -4.53585189          17.64882172
Ar           -0.03765823          -9.60807748           9.69456109
Ar            7.35470033           5.14704760          24.02582602
Ar            7.78982030         -20.36298475           1.99774879
Ar           20.97312266          -6.99370039          15.39705311
Ar            9.25166791          11.96244059          26.23026464
Ar           21.98082790         -14.96212140          12.80937986
Ar           20.08863947          -2.69422923           8.95706847
Ar            6.55893856          -3.50802409           6.38564790
Ar           13.75575216          -9.95571706          22.82915951
Ar           14.45772844          -0.27253607           8.21436418
Ar           16.18050924          -7.70235025          21.02433080
Ar           -4.16067011           2.71568708          19.62229251
